Zellenabstand 2m!Alles andere zu ungenau. 2m ist eine akzeptable genauigkeit und relativ gut zu unterscheiden.

1.Lauf: 2-3-4-5-8-7-6-9-10-11-12
2.Lauf: 11-10-9-6-7-8-5-4-1

1.Lauf:
Fingerp: 3-4-1-1-2-2-4-4-2-1-1-4-2-2-4-2-7-2-2-1-2-12-3-3-10-3-2-4-3-6-7-7-5-3-6-3-7-7-7-6-8-6-6-3-4-5-9-2-9-9-10-12-12-10-9-11-11-10-12-9-9-11-11-11-12-12
	Interpoliert:3-4-1-2-4-2-1-4-2-4-2-7-2-12-3-10-3-2-4-3-6-7-5-3-6-3-7-6-8-6-3-4-5-9-2-9-10-12-10-9-11-10-12-9-11-12
Avg: 8-11-4-1-2-1-11-1-1-4-1-2-1-2-2-2-3-4-7-4-12-8-3-6-3-3-4-4-1-4-6-4-6-12-7-4-8-4-3-7-4-4-6-4-4-8-10-12-12-12-10-12-3-9-9-3-3-10-12-9-10-3-8-4-12-1

Median: 8-11-4-1-2-1-11-1-1-4-1-2-1-2-2-2-3-4-7-4-12-8-3-6-3-3-4-4-1-4-6-4-6-12-7-4-8-4-3-7-4-4-6-4-4-8-10-12-12-12-10-12-3-9-9-3-3-10-12-9-10-3-8-4-12-1

Prob: 3-3-4-4-2-2-2-2-2-2-4-1-2-2-2-2-2-2-2-2-2-2-1-3-3-3-10-1-1-4-5-6-7-7-7-12-7-7-7-7-7-8-6-6-5-5-5-7-8-10-9-10-10-10-9-10-10-11-10-10-10-10-10-12-12-12
	Interpoliert:3-4-2-4-1-2-1-3-10-1-4-5-6-7-12-7-8-6-5-7-8-10-9-10-9-10-11-10-12

2.Lauf:
Fingerp: 11-10-10-10-10-9-9-10-10-10-3-2-7-8-5-6-3-8-6-7-5-8-5-7-6-6-7-4-4-4-1-2-1-1-1
Avg: 2-3-3-9-10-2-10-10-9-2-1-6-6-2-2-5-12-7-4-12-5-8-12-5-6-5-6-2-4-4-2-2-8-2-1
Median: 2-3-3-9-10-2-10-10-9-2-1-6-6-2-2-5-12-7-4-12-5-8-12-5-6-5-6-2-4-4-2-2-8-2-1
Prob: 11-11-10-10-10-11-10-11-10-10-10-4-4-4-6-5-5-8-8-7-7-7-7-7-5-7-7-2-4-4-4-1-2-1-2




Statische Messung:
Zelle 7:
	Fingerp:	5,7,5,7,7,7,7,8,5,5,7,6,6,
	Avg:		6,12,5,12,12,11,12,11,11,7,11,5,11,
	Median:		6,12,5,12,12,11,12,11,11,7,11,5,11,
	Prob:		7,7,6,6,7,7,7,5,5,5,5,5,6,
	
Zelle 8:
	Fingerp:	8,8,8,5,7,8,8,8,5,8,8,8,8,8,7
	Avg:		8,5,8,2,4,8,3,8,2,8,8,8,8,8,8
	Median:		8,5,8,2,4,8,3,8,2,8,8,8,8,8,8
	Prob:		8,8,8,8,8,8,8,8,8,8,8,8,8,8,8
	
Zelle 3:
	Fingerp:	3,2,3,3,3,3,3,3,3,3,3,3,3
	Avg:		3,12,3,12,3,3,12,3,11,3,12,4,3,
	Median:		3,12,3,12,3,3,12,3,11,3,12,4,3,
	Prob:		3,3,3,3,3,3,1,1,1,1,3,3,3,
	
Zelle 10:
	Fingerp:	9,10,10,10,10,12,10,12,12,12,12,12,10,
	Avg:		1,10,10,10,10,6,6,6,1,8,1,6,10,
	Median:		1,10,10,10,10,6,6,6,1,8,1,6,10,
	Prob:		10,10,10,10,11,10,10,10,10,10,10,10,10,
	
Zelle 11:
	Fingerp:	12,3,10,9,12,12,9,12,2,5,9,9,11,10,11,5,5,5,11,5,11,10
	Avg:		8,8,3,11,4,3,3,2,12,2,2,11,11,3,2,2,8,2,11,2,11,
	Median:		8,8,3,11,4,3,3,2,12,2,2,11,11,3,2,2,8,2,11,2,11,
	Prob:		11,10,10,10,11,11,11,11,11,11,10,9,9,9,11,12,12,11,11,1,11,
	
-bei avg, median und all öfters ausreißer. Ergebnisse sind nicht sehr genau. Springt sehr oft zwischen 2 zellen. Meist die aktuelle und eine andere.
	da euklidische distanz und 

-bei prob sehr gute ergebnisse. Bei abweichungen meist eine benachbarte zelle. 